A 001111110 000010001 000010001 000010001 001111110 000000000
B 001111111 001001001 001001001 001001001 000110110 000000000
C 000111110 001000001 001000001 001000001 000100010 000000000
D 001111111 001000001 001000001 001000001 000111110 000000000
E 001111111 001001001 001001001 001001001 001000001 000000000
F 001111111 000001001 000001001 000001001 000000001 000000000
G 000111110 001000001 001001001 001001001 000111010 000000000
H 001111111 000001000 000001000 000001000 001111111 000000000
I 001000001 001000001 001111111 001000001 001000001 000000000
J 000110000 001000000 001000000 001000000 000111111 000000000
K 001111111 000001000 000010100 000100010 001000001 000000000
L 001111111 001000000 001000000 001000000 001000000 000000000
M 001111111 000000010 000000100 000000010 001111111 000000000
N 001111111 000000100 000001000 000010000 001111111 000000000
O 000111110 001000001 001000001 001000001 000111110 000000000
P 001111111 000001001 000001001 000001001 000000110 000000000
Q 000111110 001000001 001000001 000100001 001011110 000000000
R 001111111 000001001 000001001 000001001 001110110 000000000
S 000100110 001001001 001001001 001001001 000110010 000000000
T 000000001 000000001 001111111 000000001 000000001 000000000
U 000111111 001000000 001000000 001000000 000111111 000000000
V 000001111 000110000 001000000 000110000 000001111 000000000
W 001111111 000100000 000010000 000100000 001111111 000000000
X 001100011 000010100 000001000 000010100 001100011 000000000
Y 000000011 000000100 001111000 000000100 000000011 000000000
Z 001100001 001010001 001001001 001000101 001000011 000000000

a 000111000 001000100 001000100 001000100 001111100 000000000
b 001111111 001000100 001000100 001000100 000111000 000000000
c 000111000 001000100 001000100 001000100 000101000 000000000
d 000111000 001000100 001000100 001000100 001111111 000000000
e 000111000 001010100 001010100 001010100 000011000 000000000
f 000001000 001111110 000001001 000001001 000000010 000000000
g 000111000 101000100 101000100 101000100 011111100 000000000
h 001111111 000000100 000000100 000000100 001111000 000000000
i 001000000 001000100 001111101 001000000 001000000 000000000
j 010000000 100000000 100000000 100000100 011111101 000000000
k 001111111 000010000 000010000 000101000 001000100 000000000
l 000000001 000111111 001000000 001000000 001000000 000000000
m 001111100 000000100 001111100 000000100 001111000 000000000
n 001111100 000000100 000000100 000000100 001111000 000000000
o 000111000 001000100 001000100 001000100 000111000 000000000
p 111111100 001000100 001000100 001000100 000111000 000000000
q 000111000 001000100 001000100 001000100 111111100 000000000
r 001111100 000001000 000000100 000000100 000001000 000000000
s 001001000 001010100 001010100 001010100 000100100 000000000
t 000000100 000111111 001000100 001000100 001000000 000000000
u 000111100 001000000 001000000 001000000 001111100 000000000
v 000011100 000100000 001000000 000100000 000011100 000000000
w 000111100 001000000 000110000 001000000 000111100 000000000
x 001000100 000101000 000010000 000101000 001000100 000000000
y 000111100 101000000 101000000 101000000 011111100 000000000
z 001000100 001100100 001010100 001001100 001000100 000000000

0 000111110 001010001 001001001 001000101 000111110 000000000
1 001000000 001000010 001111111 001000000 001000000 000000000
2 001000010 001100001 001010001 001001001 001000110 000000000
3 000100010 001000001 001001001 001001001 000110110 000000000
4 000001100 000001011 000001000 000001000 001111111 000000000
5 000101111 001001001 001001001 001001001 000110001 000000000
6 000111110 001001001 001001001 001001001 000110000 000000000
7 000000001 000000001 001110001 000001001 000000111 000000000
8 000110110 001001001 001001001 001001001 000110110 000000000
9 000100110 001001001 001001001 001001001 000111110 000000000

+ 000001000 000001000 000111110 000001000 000001000 000000000
- 000001000 000001000 000001000 000001000 000001000 000000000
= 000010100 000010100 000010100 000010100 000010100 000000000
/ 001100000 000010000 000001000 000000100 000000011 000000000
\ 000000011 000000100 000001000 000010000 001100000 000000000
* 000010100 000001000 000111110 000001000 000010100 000000000
: 000000000 000000000 000110110 000000000 000000000 000000000
; 000000000 001000000 000110110 000000000 000000000 000000000
( 000000000 000111110 001000001 000000000 000000000 000000000
) 000000000 000000000 001000001 000111110 000000000 000000000
[ 000000000 000000000 001111111 001000001 000000000 000000000
] 000000000 001000001 001111111 000000000 000000000 000000000
{ 000000000 000001000 000110110 001000001 000000000 000000000
} 000000000 001000001 000110110 000001000 000000000 000000000
< 000001000 000010100 000010100 000100010 000100010 000000000
> 000100010 000100010 000010100 000010100 000001000 000000000
! 000000000 000000000 001011111 000000000 000000000 000000000
? 000000010 000000001 001010001 000001001 000000110 000000000
. 000000000 000000000 001100000 000000000 000000000 000000000
, 000000000 001000000 000110000 000000000 000000000 000000000
' 000000000 000000000 000000011 000000000 000000000 000000000
" 000000000 000000011 000000000 000000011 000000000 000000000
& 000110110 001001001 001001001 000111110 001001000 000000000
# 000100100 001111110 000100100 001111110 000100100 000000000
% 001100011 000010000 000001000 000000100 001100011 000000000
^ 000000100 000000010 000000001 000000010 000000100 000000000
~ 000001000 000000100 000001000 000001000 000000100 000000000
| 000000000 000000000 001111111 000000000 000000000 000000000
$ 000100100 000101010 001111111 000101010 000010010 000000000
@ 000111110 001000001 001001101 001010011 000011110 000000000
_ 001000000 001000000 001000000 001000000 001000000 000000000
<EOF>