A
1111110
0010001
0010001
0010001
1111110
0000000
B
1111111
1001001
1001001
1001001
0110110
0000000
C
0111110
1000001
1000001
1000001
0100010
0000000
D
1111111
1000001
1000001
1000001
0111110
0000000
E
1111111
1001001
1001001
1001001
1000001
0000000
F
1111111
0001001
0001001
0001001
0000001
0000000
G
0111110
1000001
1001001
1001001
0111010
0000000
H
1111111
0001000
0001000
0001000
1111111
0000000
I
1000001
1000001
1111111
1000001
1000001
0000000
J
0110000
1000000
1000000
1000000
0111111
0000000
K
1111111
0001000
0010100
0100010
1000001
0000000
L
1111111
1000000
1000000
1000000
1000000
0000000
M
1111111
0000010
0000100
0000010
1111111
0000000
N
1111111
0000100
0001000
0010000
1111111
0000000
O
0111110
1000001
1000001
1000001
0111110
0000000
P
1111111
0001001
0001001
0001001
0000110
0000000
Q
0111110
1000001
1000001
0100001
1011110
0000000
R
1111111
0001001
0001001
0001001
1110110
0000000
S
0100110
1001001
1001001
1001001
0110010
0000000
T
0000001
0000001
1111111
0000001
0000001
0000000
U
0111111
1000000
1000000
1000000
0111111
0000000
V
0001111
0110000
1000000
0110000
0001111
0000000
W
1111111
0100000
0010000
0100000
1111111
0000000
X
1100011
0010100
0001000
0010100
1100011
0000000
Y
0000011
0000100
1111000
0000100
0000011
0000000
Z
1100001
1010001
1001001
1000101
1000011
0000000
// TODO: <- lowercase letters here
+
0001000
0001000
0111110
0001000
0001000
0000000
-
0001000
0001000
0001000
0001000
0001000
0000000
=
0010100
0010100
0010100
0010100
0010100
0000000
/
1100000
0010000
0001000
0000100
0000011
0000000
\
0000011
0000100
0001000
0010000
1100000
0000000
*
0010100
0001000
0111110
0001000
0010100
0000000
:
0000000
0000000
0110110
0000000
0000000
0000000
;
0000000
1000000
0110110
0000000
0000000
0000000
(
0000000
0111110
1000001
0000000
0000000
0000000
)
0000000
0000000
1000001
0111110
0000000
0000000
[
0000000
0000000
1111111
1000001
0000000
0000000
]
0000000
1000001
1111111
0000000
0000000
0000000
{
0000000
0001000
0110110
1000001
0000000
0000000
}
0000000
1000001
0110110
0001000
0000000
0000000
<
0001000
0010100
0010100
0100010
0100010
0000000
>
0100010
0100010
0010100
0010100
0001000
0000000
